[main]
difficulty = 2
graphics = 1
musicvolume = 1.0
mousesens = 0.55000001192093
controllersens = 0.55000001192093
